precision:	0.5	0.35	0.3	0.275	0.22	0.2	0.171428571428571	0.1625	0.166666666666667	0.16	0.163636363636364	0.158333333333333	0.169230769230769	0.157142857142857	0.153333333333333	0.14375	

MAP:	0.194600025208597

NDCG:	0.5	0.35	0.326018753343187	0.31387878864796	0.289694388667239	0.282266306770838	0.268332394148802	0.264418810007973	0.267568703585843	0.265649372582088	0.269216942743676	0.267532972940389	0.276574364400525	0.271501887840094	0.272107195304248	0.269011217345914	

