precision:	0.2	0.15	0.166666666666667	0.125	0.12	0.1	0.114285714285714	0.125	0.122222222222222	0.12	0.127272727272727	0.125	0.115384615384615	0.114285714285714	0.12	0.11875	

MAP:	0.17206393420519

NDCG:	0.2	0.15	0.173981246656813	0.15418181702806	0.153676143349796	0.146269290379569	0.166711726633815	0.175995603423646	0.178222307166795	0.18536715928218	0.192108934105432	0.194225336411458	0.192661364039331	0.197172303189509	0.206185531834864	0.21028877572876	

