precision:	0.2	0.3	0.2	0.175	0.14	0.133333333333333	0.128571428571429	0.1125	0.111111111111111	0.12	

MAP:	0.159281297683001

NDCG:	0.2	0.3	0.228056260029561	0.213676045453483	0.192434080547973	0.189852668856732	0.187886048097652	0.179132313584836	0.178301487843283	0.185413703700392	

