precision:	0.4	0.35	0.266666666666667	0.25	0.26	0.266666666666667	0.228571428571429	0.2125	0.222222222222222	0.2	

MAP:	0.394974366228838

NDCG:	0.4	0.45	0.426018753343187	0.433678218276713	0.464363116503352	0.481374930353223	0.468372214191332	0.477538002789321	0.496385820369721	0.494630407282687	

