precision:	0.333333333333333	0.366666666666667	0.333333333333333	0.366666666666667	0.346666666666667	0.333333333333333	0.314285714285714	0.291666666666667	0.281481481481481	0.293333333333333	

MAP:	0.271632765070703

NDCG:	0.333333333333333	0.366666666666667	0.342685420009854	0.362484849638606	0.35089832332651	0.344351193168651	0.333087887571184	0.321695370710634	0.318402293882281	0.327086588303405	

