precision:	0.590909090909091	0.636363636363636	0.575757575757576	0.5	0.463636363636364	0.446969696969697	0.415584415584416	0.397727272727273	0.373737373737374	0.35	

MAP:	0.357749835058165

NDCG:	0.46969696969697	0.53030303030303	0.489642830117062	0.449146036061309	0.43237250312182	0.430542561638086	0.415624445136452	0.406359810478773	0.398104829761649	0.392413156799724	

