precision:	0.2	0.15	0.2	0.225	0.2	0.166666666666667	0.157142857142857	0.175	0.166666666666667	0.16	

MAP:	0.244327227439542

NDCG:	0.2	0.2	0.259953116642033	0.293338019553907	0.290395584478697	0.278502233798919	0.280818454190529	0.318913194461654	0.348906770032605	0.353327777178867	

